##### c32 1080 (slots: 128 SIMD x 8; mapped/post launches 1,5,9 cap at 6/SIMD = 768)
slots=1024 (64 CU x 2 SIMD x 8 waves)
launch groups  waves  span us busy/slot  util   conc   ramp  steady   tail wave us   MHz
     0  34560 138240   1450.0    1406.4  0.97    993    1.2  1442.5    6.2    10.4  2828
     1   8640  34560    349.5     250.9  0.72    735    1.0   345.0    3.5     7.4  2793
     2   8833  35332    317.0     303.5  0.96    980    1.2   311.6    4.2     8.8  2777
     3   8712  34848    310.6     297.1  0.96    979    1.2   305.1    4.2     8.7  2800
     4   8760  35040    343.3     329.5  0.96    983    1.2   337.8    4.2     9.6  2799
     5   8640  34560    358.5     257.6  0.72    736    0.9   354.1    3.5     7.6  2723
     6   8833  35332    324.3     311.0  0.96    982    1.3   319.2    3.8     9.0  2707
     7   8712  34848    317.4     303.6  0.96    979    1.2   312.0    4.2     8.9  2738
     8   8760  35040    327.7     314.2  0.96    982    1.3   322.2    4.2     9.2  2744
     9  34945 139780   1458.9    1048.7  0.72    736    0.9  1453.4    4.6     7.7  2736
sum: span 5557.2 us, throughput-bound 4822.5 us (87%), ramp 11.6 (0%), tail 42.8 (1%)
##### c32 900 (slots: 128 SIMD x 8; mapped/post launches 1,5,9 cap at 6/SIMD = 768)
slots=1024 (64 CU x 2 SIMD x 8 waves)
launch groups  waves  span us busy/slot  util   conc   ramp  steady   tail wave us   MHz
     0  24000  96000    991.6     960.6  0.97    992    1.2   985.0    5.4    10.2  2874
     1   6000  24000    239.0     170.9  0.72    732    0.9   234.9    3.1     7.3  2859
     2   6161  24644    217.7     206.9  0.95    973    1.2   212.4    4.1     8.6  2837
     3   6060  24240    213.2     203.1  0.95    976    1.2   208.1    3.9     8.6  2845
     4   6100  24400    233.8     222.6  0.95    975    1.2   228.6    4.0     9.3  2881
     5   6000  24000    244.0     174.4  0.71    732    0.9   239.7    3.3     7.4  2801
     6   6161  24644    221.8     211.0  0.95    974    1.2   216.6    4.0     8.8  2783
     7   6060  24240    218.2     207.7  0.95    975    1.2   212.7    4.3     8.8  2782
     8   6100  24400    225.7     214.8  0.95    974    1.2   220.5    4.0     9.0  2790
     9  24321  97284    985.4     706.7  0.72    734    0.9   980.0    4.5     7.4  2824
sum: span 3790.4 us, throughput-bound 3278.8 us (87%), ramp 11.2 (0%), tail 40.6 (1%)
##### mh_fast ffn_fused_c256 1080 (128 SIMD x 12)
slots=1536 (64 CU x 2 SIMD x 12 waves)
launch groups  waves  span us busy/slot  util   conc   ramp  steady   tail wave us   MHz
     0    640   9216     79.3      71.4  0.90   1384    2.6    72.8    3.8    11.9  2680
     1    576   9216     87.3      74.4  0.85   1308    1.9    75.2   10.2    12.4  2632
     2    600   8640     79.5      69.2  0.87   1337    2.5    70.2    6.7    12.3  2645
     3    640   9216     83.7      73.6  0.88   1351    2.6    74.7    6.4    12.3  2645
     4    576   9216     86.1      73.5  0.85   1312    2.0    74.3    9.8    12.3  2646
     5    600   8640     80.2      70.3  0.88   1346    2.6    71.0    6.6    12.5  2653
     6    640   9216     82.0      73.2  0.89   1371    2.6    74.6    4.8    12.2  2626
     7    576   9216     87.0      73.2  0.84   1292    2.0    74.0   11.0    12.2  2628
     8    600   8640     77.8      68.5  0.88   1354    2.6    70.0    5.2    12.2  2627
     9    640   9216     80.8      72.4  0.90   1377    2.6    73.9    4.3    12.1  2638
    10    576   9216     83.6      72.5  0.87   1333    2.0    73.8    7.8    12.1  2641
    11    600   8640     77.1      68.3  0.89   1361    2.6    69.8    4.6    12.1  2637
sum: span 984.4 us, throughput-bound 860.6 us (87%), ramp 28.7 (3%), tail 81.2 (8%)
##### mh_fast ffn_fused_c256 900 (128 SIMD x 12)
slots=1536 (64 CU x 2 SIMD x 12 waves)
launch groups  waves  span us busy/slot  util   conc   ramp  steady   tail wave us   MHz
     0    416   6240     60.5      49.0  0.81   1243    2.4    48.8    9.2    12.1  2759
     1    416   6240     57.5      49.8  0.87   1331    1.9    50.6    5.0    12.3  2705
     2    416   6240     58.1      48.3  0.83   1277    2.5    48.4    7.3    11.9  2727
     3    416   6240     57.9      50.0  0.86   1325    1.9    50.8    5.2    12.3  2709
     4    416   6240     60.2      48.6  0.81   1239    2.5    48.6    9.1    12.0  2726
     5    416   6240     58.0      50.0  0.86   1324    1.9    50.8    5.4    12.3  2707
     6    416   6240     60.7      48.8  0.80   1234    2.5    48.7    9.5    12.0  2708
     7    416   6240     56.6      49.0  0.87   1332    1.9    50.0    4.6    12.1  2706
     8    416   6240     57.5      47.7  0.83   1274    2.5    48.1    6.9    11.7  2725
     9    416   6240     56.0      48.9  0.87   1340    1.9    50.0    4.2    12.0  2705
    10    416   6240     58.4      48.1  0.82   1266    2.5    48.2    7.6    11.8  2715
    11    416   6240     57.1      49.4  0.86   1328    1.9    50.4    4.8    12.1  2699
    12    416   6240     58.4      48.0  0.82   1263    2.5    48.2    7.7    11.8  2718
    13    416   6240     56.6      49.4  0.87   1340    1.9    50.4    4.3    12.2  2698
    14    416   6240     59.4      48.3  0.81   1251    2.5    48.6    8.2    11.9  2711
sum: span 872.9 us, throughput-bound 733.2 us (84%), ramp 33.2 (4%), tail 99.0 (11%)
##### mh_fused c256_attention (register) 1080 (128 SIMD x 12)
slots=1536 (64 CU x 2 SIMD x 12 waves)
launch groups  waves  span us busy/slot  util   conc   ramp  steady   tail wave us   MHz
     0    135   2160     35.6      23.8  0.67   1029    1.9    22.2   11.4    16.9  2850
     1    160   2560     43.4      33.1  0.76   1173    1.8    33.8    7.7    19.9  2862
     2    144   2304     42.8      30.1  0.70   1080    1.9    27.4   13.5    20.1  2833
     3    150   2400     43.6      31.1  0.71   1096    1.9    33.3    8.4    19.9  2829
     4    135   2160     36.4      24.3  0.67   1025    1.9    22.8   11.8    17.3  2816
     5    160   2560     43.7      33.4  0.76   1173    1.9    34.2    7.6    20.0  2826
     6    144   2304     42.7      30.0  0.70   1078    1.8    27.0   13.8    20.0  2837
     7    135   2160     37.1      24.8  0.67   1027    1.8    23.3   12.0    17.7  2879
     8    160   2560     43.3      33.0  0.76   1172    1.8    33.7    7.8    19.8  2868
     9    144   2304     42.0      29.7  0.71   1085    1.8    26.7   13.5    19.8  2872
    10    150   2400     42.4      30.7  0.72   1113    1.8    32.9    7.6    19.6  2868
    11    135   2160     35.8      24.0  0.67   1032    1.8    22.5   11.5    17.1  2857
    12    160   2560     43.2      33.0  0.76   1173    1.8    33.8    7.5    19.8  2874
    13    144   2304     41.8      29.5  0.71   1086    1.8    27.3   12.6    19.7  2882
sum: span 573.7 us, throughput-bound 410.6 us (72%), ramp 25.9 (5%), tail 146.8 (26%)
##### mh_fused c256_attention (register) 900 (128 SIMD x 12)
slots=1536 (64 CU x 2 SIMD x 12 waves)
launch groups  waves  span us busy/slot  util   conc   ramp  steady   tail wave us   MHz
     0    104   1664     32.8      20.5  0.62    959    1.8    18.7   12.4    18.9  2957
     1    104   1664     33.1      20.8  0.63    967    1.8    19.1   12.2    19.2  2956
     2    104   1664     33.8      20.9  0.62    949    1.8    19.0   13.0    19.3  2957
     3    104   1664     32.8      20.6  0.63    964    1.8    19.0   12.1    19.0  2951
     4    104   1664     33.1      20.8  0.63    964    1.8    19.0   12.3    19.2  2942
     5    104   1664     32.8      20.7  0.63    966    1.8    19.1   12.0    19.1  2943
     6    104   1664     33.4      20.9  0.63    962    1.8    19.2   12.4    19.3  2930
     7    104   1664     35.2      21.7  0.62    948    1.8    19.8   13.6    20.0  2936
     8    104   1664     33.1      20.9  0.63    971    1.8    19.3   12.0    19.3  2921
     9    104   1664     33.1      21.0  0.63    975    1.8    19.3   12.0    19.4  2915
    10    104   1664     33.0      21.0  0.64    979    1.8    19.5   11.7    19.4  2917
    11    104   1664     33.6      21.3  0.63    973    1.8    19.6   12.3    19.6  2916
    12    104   1664     33.1      20.9  0.63    969    1.8    19.2   12.1    19.3  2908
    13    104   1664     33.8      21.1  0.62    960    1.8    19.3   12.7    19.5  2913
sum: span 466.7 us, throughput-bound 293.1 us (63%), ramp 24.9 (5%), tail 172.7 (37%)
